# clustering v1.3.2 - mpp
#
# Created Mon Apr 17 12:58:01 2023
# by following command:
#
# clustering mpp -s hp35.selected_contacts.gaussian10f_microstates_pcs5_p153 -l 50 -D hp35.selected_contacts.gaussian10f.fe_pcs5 -o hp35.selected_contacts.gaussian10f_microstates_pcs5_p153.mpp50 -v 
#
# Copyright (c) 2015-2019 Florian Sittel and Daniel Nagel
# please cite the corresponding paper, see https://github.com/moldyn/clustering
#
# The following comments are reused for identifying
# user-based mistakes and should not be modified.
#@   clustering_radius = 0.12404
#@   lumping_radius = 0.12404
#@   minimal_population = 153.00000
#@   screening_from = 0.10000
#@   screening_step = 0.10000
#@   screening_to = 12.09593
#
# Specifies the linkage matrix, so at which qmin value
# which states are lumped.
# state_i state_j qmin
2 1 0.74
3 1 0.72
4 1 0.7
5 1 0.74
6 11 0.69
7 3 0.18
8 4 0.29
9 13 0.65
10 5 0.33
11 12 0.909999
12 1 0.999999
13 12 0.889999
14 1 0.17
15 12 0.68
16 11 0.42
17 12 0.53
18 12 0.78
19 12 0.37
20 4 0.25
21 1 0.39
22 1 0.31
23 12 0.47
24 11 0.4
25 5 0.32
26 6 0.29
27 19 0.16
28 12 0.22
29 11 0.37
30 1 0.38
31 11 0.22
32 3 0.27
33 11 0.29
34 4 0.32
35 11 0.4
36 12 0.39
37 13 0.81
38 12 0.22
39 15 0.31
40 15 0.18
41 12 0.25
42 11 0.22
43 11 0.32
44 12 0.28
45 15 0.35
46 11 0.41
47 11 0.27
48 5 0.08
49 12 0.22
50 11 0.32
51 44 0.18
52 37 0.53
53 12 0.47
54 15 0.31
55 5 0.32
56 1 0.31
57 11 0.25
58 15 0.16
59 12 0.18
60 12 0.25
61 11 0.4
62 12 0.24
63 11 0.24
64 13 0.46
65 11 0.33
66 12 0.14
67 18 0.58
68 12 0.31
69 5 0.24
70 11 0.31
71 11 0.37
72 250 0.14
73 11 0.36
74 6 0.39
75 13 0.74
76 6 0.26
77 19 0.22
78 12 0.34
79 18 0.56
80 11 0.28
81 11 0.16
82 19 0.21
83 5 0.46
84 11 0.34
85 12 0.32
86 18 0.51
87 15 0.37
88 12 0.21
89 12 0.15
90 13 0.49
91 11 0.32
92 5 0.09
93 11 0.33
94 15 0.27
95 11 0.44
96 37 0.37
97 13 0.27
98 15 0.34
99 12 0.33
100 11 0.2
101 18 0.26
102 46 0.33
103 15 0.32
104 19 0.31
105 15 0.28
106 12 0.17
107 79 0.2
108 15 0.21
109 11 0.37
110 11 0.28
111 13 0.28
112 11 0.29
113 11 0.17
114 5 0.2
115 15 0.31
116 6 0.31
117 12 0.27
118 15 0.26
119 11 0.17
120 9 0.53
121 12 0.2
122 15 0.36
123 12 0.32
124 5 0.14
125 13 0.42
126 12 0.28
127 94 0.14
128 11 0.28
129 12 0.26
130 15 0.15
131 19 0.28
132 11 0.32
133 12 0.46
134 11 0.23
135 37 0.45
136 11 0.27
137 15 0.33
138 5 0.18
139 15 0.37
140 11 0.47
141 16 0.3
142 6 0.45
143 15 0.4
144 13 0.63
145 12 0.31
146 11 0.34
147 6 0.23
148 16 0.22
149 15 0.2
150 11 0.42
151 11 0.22
152 15 0.3
153 1 0.26
154 118 0.18
155 12 0.31
156 15 0.2
157 15 0.18
158 13 0.64
159 11 0.32
160 5 0.21
161 11 0.18
162 12 0.26
163 15 0.27
164 12 0.49
165 9 0.27
166 11 0.22
167 15 0.19
168 19 0.24
169 12 0.44
170 11 0.35
171 15 0.22
172 11 0.25
173 11 0.26
174 375 0.16
175 11 0.33
176 11 0.54
177 25 0.21
178 16 0.3
179 15 0.38
180 16 0.26
181 19 0.25
182 11 0.48
183 15 0.57
184 11 0.36
185 112 0.17
186 11 0.3
187 15 0.4
188 15 0.28
189 11 0.42
190 15 0.34
191 12 0.27
192 36 0.17
193 11 0.33
194 15 0.47
195 19 0.21
196 16 0.23
197 11 0.37
198 5 0.11
199 12 0.27
200 15 0.16
201 79 0.26
202 15 0.34
203 39 0.18
204 15 0.22
205 15 0.3
206 15 0.2
207 15 0.29
208 11 0.41
209 11 0.33
210 15 0.41
211 6 0.25
212 79 0.39
213 6 0.53
214 11 0.23
215 1 0.34
216 15 0.27
217 12 0.31
218 15 0.28
219 11 0.39
220 15 0.37
221 41 0.14
222 11 0.34
223 15 0.3
224 117 0.18
225 11 0.8
226 12 0.22
227 12 0.25
228 11 0.46
229 11 0.39
230 12 0.3
231 12 0.33
232 12 0.35
233 11 0.24
234 37 0.67
235 11 0.25
236 11 0.28
237 15 0.37
238 91 0.2
239 13 0.52
240 11 0.57
241 6 0.34
242 11 0.27
243 12 0.48
244 15 0.44
245 12 0.26
246 15 0.36
247 12 0.41
248 11 0.43
249 15 0.36
250 15 0.28
251 11 0.38
252 15 0.22
253 11 0.31
254 11 0.38
255 15 0.36
256 19 0.22
257 17 0.2
258 15 0.34
259 391 0.36
260 12 0.24
261 18 0.66
262 11 0.23
263 219 0.31
264 11 0.34
265 12 0.31
266 12 0.31
267 6 0.33
268 9 0.39
269 15 0.28
270 94 0.24
271 12 0.36
272 12 0.859999
273 12 0.07
274 11 0.45
275 6 0.29
276 94 0.22
277 11 0.38
278 15 0.34
279 125 0.19
280 12 0.26
281 15 0.19
282 15 0.49
283 125 0.33
284 13 0.4
285 11 0.48
286 12 0.32
287 6 0.3
288 15 0.17
289 5 0.55
290 41 0.16
291 12 0.34
292 41 0.15
293 15 0.32
294 11 0.46
295 13 0.52
296 11 0.41
297 1 0.3
298 16 0.31
299 15 0.42
300 46 0.22
301 11 0.2
302 15 0.28
303 12 0.28
304 13 0.4
305 1 0.25
306 12 0.41
307 5 0.7
308 15 0.47
309 11 0.45
310 15 0.52
311 11 0.33
312 12 0.26
313 19 0.23
314 12 0.38
315 11 0.3
316 15 0.32
317 12 0.2
318 9 0.3
319 15 0.24
320 12 0.35
321 15 0.29
322 6 0.2
323 15 0.23
324 12 0.19
325 15 0.23
326 15 0.43
327 16 0.37
328 11 0.44
329 70 0.22
330 19 0.35
331 15 0.37
332 19 0.26
333 11 0.27
334 12 0.46
335 15 0.38
336 11 0.55
337 15 0.46
338 11 0.34
339 492 0.54
340 15 0.27
341 39 0.26
342 15 0.28
343 13 0.51
344 12 0.32
345 12 0.42
346 19 0.32
347 15 0.56
348 12 0.36
349 9 0.52
350 15 0.49
351 15 0.38
352 15 0.32
353 15 0.44
354 19 0.26
355 15 0.3
356 13 0.57
357 15 0.62
358 11 0.32
359 11 0.4
360 13 0.34
361 12 0.29
362 12 0.25
363 11 0.28
364 39 0.27
365 1 0.55
366 12 0.17
367 11 0.61
368 11 0.32
369 4 0.33
370 12 0.32
371 11 0.47
372 6 0.32
373 16 0.33
374 11 0.38
375 12 0.24
376 5 0.47
377 15 0.25
378 12 0.52
379 11 0.66
380 13 0.48
381 12 0.45
382 11 0.41
383 12 0.57
384 11 0.39
385 11 0.37
386 11 0.52
387 12 0.58
388 15 0.44
389 12 0.25
390 12 0.26
391 15 0.42
392 11 0.32
393 9 0.17
394 19 0.27
395 11 0.37
396 11 0.31
397 9 0.29
398 11 0.36
399 12 0.51
400 12 0.33
401 12 0.25
402 12 0.47
403 15 0.64
404 15 0.29
405 5 0.68
406 11 0.5
407 12 0.53
408 12 0.29
409 11 0.36
410 12 0.34
411 15 0.37
412 37 0.65
413 1 0.79
414 15 0.6
415 15 0.28
416 15 0.43
417 15 0.38
418 15 0.56
419 15 0.33
420 15 0.12
421 11 0.44
422 15 0.35
423 12 0.3
424 12 0.34
425 12 0.32
426 15 0.37
427 169 0.28
428 521 0.67
429 12 0.32
430 13 0.44
431 15 0.37
432 1 0.37
433 15 0.26
434 12 0.36
435 43 0.25
436 12 0.31
437 5 0.47
438 6 0.61
439 11 0.33
440 15 0.34
441 15 0.35
442 12 0.61
443 12 0.51
444 11 0.53
445 12 0.4
446 356 0.38
447 18 0.58
448 11 0.47
449 12 0.47
450 12 0.4
451 11 0.5
452 19 0.24
453 15 0.41
454 12 0.29
455 12 0.5
456 12 0.38
457 15 0.3
458 15 0.41
459 11 0.46
460 15 0.53
461 120 0.29
462 12 0.33
463 15 0.45
464 15 0.42
465 15 0.37
466 12 0.58
467 9 0.47
468 16 0.39
469 12 0.36
470 12 0.61
471 12 0.48
472 12 0.35
473 15 0.39
474 12 0.6
475 12 0.36
476 12 0.58
477 12 0.44
478 11 0.42
479 12 0.38
480 12 0.66
481 12 0.39
482 12 0.67
483 144 0.41
484 11 0.51
485 1 0.39
486 11 0.43
487 12 0.48
488 15 0.43
489 12 0.59
490 12 0.5
491 12 0.69
492 5 0.72
493 12 0.4
494 11 0.38
495 11 0.49
496 15 0.57
497 11 0.66
498 12 0.36
499 11 0.42
500 18 0.61
501 252 0.15
502 308 0.27
503 13 0.54
504 12 0.46
505 12 0.39
506 11 0.55
507 11 0.5
508 15 0.47
509 15 0.47
510 15 0.52
511 15 0.46
512 11 0.46
513 12 0.72
514 15 0.58
515 11 0.6
516 15 0.59
517 11 0.43
518 18 0.62
519 15 0.45
520 6 0.65
521 1 0.78
522 11 0.47
523 11 0.81
524 12 0.53
525 12 0.28
526 12 0.44
527 12 0.34
528 15 0.51
529 75 0.61
530 11 0.56
531 1 0.32
532 418 0.47
533 11 0.65
534 120 0.48
535 15 0.56
536 15 0.56
537 13 0.6
538 11 0.57
539 15 0.58
540 12 0.62
541 15 0.65
542 11 0.59
543 11 0.63
544 12 0.42
545 12 0.61
546 12 0.72
547 15 0.66
